13281926.00,4789269.50
13281965.00,4789294.50
13281980.00,4789295.50
13281998.00,4789295.00
13282010.00,4789292.00
13282040.00,4789291.50
13281969.00,4789266.00
13281986.00,4789266.00
13281997.00,4789257.00
13282009.00,4789254.50
13282018.00,4789253.00
13282034.00,4789246.00
13282083.00,4789301.00
13282096.00,4789295.50
13281102.00,4790623.50
13282106.00,4789289.50
13282136.00,4789298.50
13282147.00,4789292.00
13282166.00,4789297.50
13282182.00,4789293.00
13282195.00,4789287.50
13282224.00,4789287.50
13282240.00,4789283.00
13282253.00,4789277.00
13282267.00,4789266.50
13282276.00,4789255.50
13282286.00,4789248.00
13282075.00,4789271.00
13282090.00,4789269.50
13282098.00,4789269.50
13282142.00,4789273.50
13282142.00,4789272.00
13282179.00,4789270.50
13282169.00,4789261.00
13282211.00,4789254.50
13282224.00,4789249.00
13282240.00,4789242.50
13282252.00,4789231.00
13282261.00,4789219.50
13282124.00,4789255.00
13282133.00,4789249.00
13282150.00,4789244.00
13282164.00,4789239.50
13282190.00,4789234.50
13282202.00,4789228.50
13282220.00,4789219.00
13282227.00,4789207.50
13282240.00,4789195.50
13282068.00,4789234.50
13282080.00,4789227.00
13282092.00,4789225.50
13282107.00,4789219.00
13282121.00,4789214.00
13282145.00,4789203.50
13282160.00,4789197.50
13282174.00,4789195.00
13282187.00,4789188.00
13282047.00,4789131.00
13282060.00,4789128.50
13282070.00,4789125.00
13282084.00,4789120.50
13282115.00,4789109.50
13282127.00,4789106.00
13282141.00,4789095.00
13282154.00,4789094.00
13282169.00,4789088.00
13281857.00,4789222.00
13281870.00,4789220.00
13281884.00,4789225.50
13281900.00,4789223.00
13281918.00,4789224.00
13281931.00,4789219.50
13281944.00,4789222.00
13281957.00,4789218.50
13281858.00,4789189.00
13281872.00,4789194.50
13281886.00,4789193.50
13281901.00,4789195.50
13281922.00,4789191.50
13281935.00,4789188.00
13281948.00,4789186.50
13281770.00,4789245.00
13281785.00,4789239.00
13281813.00,4789220.50
13281825.00,4789214.00
13281757.00,4789225.00
13281767.00,4789219.50
13281777.00,4789209.50
13281799.00,4789197.00
13281809.00,4789188.50
13281819.00,4789179.50
13282117.00,4789071.00
13282127.00,4789067.00
13282144.00,4789063.00
13282155.00,4789063.00
13282115.00,4789022.00
13282126.00,4789019.00
13282143.00,4789020.00
13282154.00,4789017.00
13282111.00,4788990.50
13282126.00,4788988.50
13282142.00,4788987.00
13282152.00,4788985.00
