78,13281985.00,4789219.00,0335015,0,0,Grand Hotel Qinhuang,370
78,13281997.00,4789210.00,0335015,0,0,Grand Hotel Qinhuang,370
78,13282013.00,4789207.50,0335015,0,0,Grand Hotel Qinhuang,370
78,13282025.00,4789203.00,0335015,0,0,Grand Hotel Qinhuang,370
78,13281988.00,4789194.00,0335015,0,0,Grand Hotel Qinhuang,370
78,13282019.00,4789183.00,0335015,0,0,Grand Hotel Qinhuang,370
78,13281972.00,4789175.50,0335015,0,0,Grand Hotel Qinhuang,370
78,13281983.00,4789169.50,0335015,0,0,Grand Hotel Qinhuang,370
78,13281994.00,4789165.50,0335015,0,0,Grand Hotel Qinhuang,370
78,13282009.00,4789159.00,0335015,0,0,Grand Hotel Qinhuang,370
78,13282069.00,4789202.00,0335015,0,0,Grand Hotel Qinhuang,370
78,13282083.00,4789197.00,0335015,0,0,Grand Hotel Qinhuang,370
78,13282094.00,4789192.00,0335015,0,0,Grand Hotel Qinhuang,370
78,13282109.00,4789188.00,0335015,0,0,Grand Hotel Qinhuang,370
78,13282141.00,4789172.50,0335015,0,0,Grand Hotel Qinhuang,370
78,13282152.00,4789167.00,0335015,0,0,Grand Hotel Qinhuang,370
78,13282165.00,4789163.00,0335015,0,0,Grand Hotel Qinhuang,370
78,13282233.00,4789172.00,0335015,0,0,Grand Hotel Qinhuang,370
78,13282218.00,4789161.00,0335015,0,0,Grand Hotel Qinhuang,370
78,13282213.00,4789150.50,0335015,0,0,Grand Hotel Qinhuang,370
78,13282203.00,4789138.00,0335015,0,0,Grand Hotel Qinhuang,370
78,13282062.00,4789160.00,0335015,0,0,Grand Hotel Qinhuang,370
78,13282072.00,4789156.00,0335015,0,0,Grand Hotel Qinhuang,370
78,13282083.00,4789151.50,0335015,0,0,Grand Hotel Qinhuang,370
78,13282098.00,4789149.50,0335015,0,0,Grand Hotel Qinhuang,370
78,13282126.00,4789134.50,0335015,0,0,Grand Hotel Qinhuang,370
78,13282136.00,4789131.50,0335015,0,0,Grand Hotel Qinhuang,370
78,13282151.00,4789126.00,0335015,0,0,Grand Hotel Qinhuang,370
78,13282166.00,4789118.50,0335015,0,0,Grand Hotel Qinhuang,370
78,13282177.00,4789115.00,0335015,0,0,Grand Hotel Qinhuang,370
